13
1
120 270 520 300
1
E 350 354 20 -1 8 0 640
2
50 240 250 270
390 240 590 270
2
E 350 354 20 -1 8 0 640
J 442 354 20 -1 8 0 640
1
200 250 350 280
2
G 542 389 20 -1 8 0 640
G 242 389 20 -1 8 0 640
1
50 240 250 270
2
E 350 354 20 -1 8 0 640
J 150 155 20 -1 5 50 250
1
50 300 400 340
3
E 350 354 20 -1 8 0 640
E 250 354 20 -1 8 0 640
E 450 354 20 -1 8 0 640
2
390 270 590 300
50 270 300 300
3
E 350 354 20 -1 8 0 640
J 442 354 20 -1 8 0 640
G 490 220 20 -1 8 390 590
2
50 240 250 270
390 240 590 270
3
E 350 354 20 -1 8 0 640
G 442 389 20 -1 8 0 640
J 150 155 20 -1 5 50 250
2
50 240 250 270
390 240 590 270
3
E 350 354 20 -1 8 0 640
J 442 354 20 -1 8 0 640
E 150 155 20 -1 5 50 250
1
120 270 520 300
4
G 342 389 20 -1 8 0 640
G 542 389 20 -1 8 0 640
G 242 389 20 -1 8 0 640
G 442 389 20 -1 8 0 640
2
50 240 250 270
390 240 590 270
4
E 350 354 20 -1 8 0 640
J 442 354 20 -1 8 0 640
E 150 155 20 -1 5 50 250
J 490 155 20 -1 8 390 590
3
70 240 170 270
270 240 370 270
470 240 570 270
4
E 350 354 20 -1 8 0 640
E 442 354 20 -1 8 0 640
J 100 155 20 -1 8 70 170
J 500 155 20 -1 8 470 570
1
170 120 470 160
3
J 300 35 20 -1 8 170 470
G 342 389 20 -1 8 0 640
G 542 389 20 -1 8 0 640
1
300 210 340 250
3
G 542 389 20 -1 8 0 640
G 242 389 20 -1 8 0 640
G 442 389 20 -1 8 0 640